== L2: rel L2 %, and delta % vs w0 per expert
L10E169 hi_visio nv200359 | 29.899  +0.53  +1.27 | 34.917  +0.29  +0.51 | 28.681  +0.73  +1.34 | 30.073  +0.63  +1.15 | 42.458 -43.98 -52.50 | 41.689 -39.96 -47.62 | 42.702 -44.63 -53.36 | 29.847  -1.85  -2.50
L10E70  low_visi nv18     | 28.866  +0.76  +0.76 | 32.568  +0.11  +0.39 | 24.095  +0.08  +0.46 | 28.817  +0.09  +0.26 | 39.976 -23.49 -29.92 | 39.393 -24.97 -31.34 | 39.976 -23.49 -29.92
L10E8   ordinary nv12762  | 26.233  +1.04  +1.55 | 33.275  +0.12  +0.65 | 26.930  +0.71  +1.33 | 26.508  +0.62  +1.55 | 39.876 -40.63 -47.71 | 39.587 -38.26 -45.41 | 41.383 -45.11 -53.41 | 29.622  -3.35  -4.39
L30E230 hi_visio nv159177 | 34.431  -0.21  +0.42 | 36.716  +0.04  +0.29 | 28.513  +0.40  +1.12 | 34.601  +0.40  +0.87 | 33.897 -25.28 -31.90 | 35.839 -25.49 -31.56 | 33.901 -25.75 -32.50 | 33.711  -2.38  -3.91
L30E60  ordinary nv11480  | 32.072  +0.22  +0.47 | 39.133  +0.17  +0.35 | 30.895  +0.34  +0.99 | 35.570  +0.34  +0.79 | 36.334 -21.97 -25.93 | 39.882 -27.74 -33.16 | 38.304 -33.58 -39.99 | 32.813  -0.65  -1.30
L30E74  low_visi nv3858   | 37.817  -1.43  -0.86 | 39.480  -0.24  +0.08 | 37.706  +0.37  +0.58 | 37.910  +0.35  +0.84 | 41.366 -23.26 -27.41 | 41.733 -28.35 -34.05 | 42.303 -32.35 -39.26 | 38.978  -1.62  -0.87
L50E118 ordinary nv14176  | 32.977  +0.50  +1.06 | 40.657  -0.02  -0.08 | 31.300  +0.30  +1.22 | 36.904  +0.28  +0.82 | 33.008 -12.79 -17.54 | 38.154 -10.95 -14.48 | 32.970 -13.24 -18.05 | 33.413  -8.25 -12.33
L50E150 low_visi nv73     | 28.458  -0.16  +0.05 | 41.168  +0.08  +0.01 | 28.973  +0.29  +1.00 | 35.677  +0.16  +0.48 | 37.657  -3.78  -4.31 | 40.280  -9.60 -12.74 | 37.326  -3.92  -4.81 | 38.056  -3.59  -3.68
L50E86  hi_visio nv122977 | 33.438  -0.68  -0.96 | 40.225  -0.06  -0.09 | 32.879  +0.23  +0.78 | 36.908  +0.29  +0.82 | 36.047 -10.83 -14.43 | 37.664 -10.78 -14.35 | 36.132 -11.52 -15.28 | 35.338  -5.06  -7.38
L70E203 ordinary nv11265  | 31.885  +0.53  +1.07 | 41.031  -0.05  -0.29 | 31.510  +0.52  +1.47 | 35.477  +0.34  +0.91 | 35.820 -11.29 -15.78 | 39.089  -8.10 -11.30 | 35.791 -11.41 -15.86 | 36.204  -9.79 -14.76
L70E245 low_visi nv55     | 37.388  -0.19  +0.27 | 41.553  -0.07  -0.19 | 34.284  +0.14  +0.55 | 37.365  +0.10  +0.31 | 37.785  -6.16  -8.89 | 38.562  -5.70  -8.06 | 40.933  -4.17  -7.68 | 37.322  -6.50  -9.10
L70E98  hi_visio nv193072 | 34.048  -0.80  -1.20 | 38.698  -0.13  -0.11 | 32.174  +0.23  +0.72 | 35.082  +0.27  +0.84 | 32.465  -9.94 -13.95 | 33.641  -8.92 -12.50 | 32.477 -10.24 -14.36 | 32.403  -8.33 -11.83
  text_matched all/routed w0.1 mean +0.01 worst +1.04 (n 12)  w0.25 mean +0.32 worst +1.55 (n 12)
  text_matched ood/forced w0.1 mean +0.02 worst +0.29 (n 12)  w0.25 mean +0.13 worst +0.65 (n 12)
  text_val     all/routed w0.1 mean +0.36 worst +0.73 (n 12)  w0.25 mean +0.96 worst +1.47 (n 12)
  text_val     all/forced w0.1 mean +0.32 worst +0.63 (n 12)  w0.25 mean +0.80 worst +1.55 (n 12)
  vision_val   all/routed w0.1 mean -19.45 worst -3.78 (n 12)  w0.25 mean -24.19 worst -4.31 (n 12)
  vision_val   all/forced w0.1 mean -19.90 worst -5.70 (n 12)  w0.25 mean -24.71 worst -8.06 (n 12)
  vision_val   img/routed w0.1 mean -21.62 worst -3.92 (n 12)  w0.25 mean -27.04 worst -4.81 (n 12)
  vision_val   txt/routed w0.1 mean -4.67 worst -0.65 (n 11)  w0.25 mean -6.55 worst -0.87 (n 11)
== L4: rel L2 %, and delta % vs w0 per expert
L10E169 hi_visio nv200359 |  6.978  +0.72  +1.18 |  8.592  +0.27  +0.74 |  6.608  +0.83  +1.68 |  7.055  +0.82  +1.62 | 10.923 -51.73 -59.85 | 10.711 -47.49 -54.89 | 10.996 -52.40 -60.74 |  7.033  -3.41  -4.17
L10E70  low_visi nv18     |  6.661  +0.42  +0.20 |  7.847  +0.18  +0.19 |  5.280  +0.44  +0.51 |  6.704  +0.12  +0.33 | 10.319 -30.09 -38.79 | 10.252 -32.77 -39.67 | 10.319 -30.09 -38.79
L10E8   ordinary nv12762  |  5.850  +0.51  +1.73 |  8.156  +0.70  +1.16 |  6.054  +0.73  +1.72 |  6.140  +0.83  +1.82 | 10.558 -50.22 -56.84 | 10.456 -47.52 -54.43 | 11.057 -55.03 -62.74 |  6.981  -4.40  -6.25
L30E230 hi_visio nv159177 |  8.473  -1.58  -1.01 |  9.117  +0.09  +0.43 |  6.643  +0.56  +1.40 |  8.418  +0.57  +1.45 |  8.134 -31.08 -37.25 |  8.850 -31.91 -37.59 |  8.136 -31.66 -37.97 |  8.016  -3.42  -4.88
L30E60  ordinary nv11480  |  7.547  +0.13  +1.34 |  9.907  +0.32  +0.37 |  7.160  +0.45  +1.34 |  8.686  +0.51  +1.22 |  9.021 -27.74 -31.57 | 10.086 -33.94 -39.46 |  9.685 -41.40 -47.75 |  7.798  -1.06  -1.67
L30E74  low_visi nv3858   |  9.290  -0.83  -0.37 |  9.920  +0.55  +0.77 |  9.352  +0.09  +0.31 |  9.402  +0.54  +1.32 | 10.541 -28.37 -33.16 | 10.620 -34.69 -40.34 | 10.832 -40.19 -47.43 |  9.790  -1.03  -2.11
L50E118 ordinary nv14176  |  7.913  +0.51  +0.44 | 10.369  -0.02  +0.24 |  7.386  +0.64  +1.76 |  9.110  +0.36  +1.13 |  7.554 -14.89 -19.72 |  9.464 -13.78 -17.66 |  7.524 -15.32 -20.19 |  7.873 -10.91 -15.32
L50E150 low_visi nv73     |  6.525  +0.21  +0.63 | 10.578  -0.07  -0.11 |  6.678  +0.48  +1.09 |  8.725  +0.28  +0.66 |  9.390  -4.33  -6.20 | 10.204 -12.25 -15.87 |  9.272  -5.45  -7.45 |  9.508  -2.88  -4.68
L50E86  hi_visio nv122977 |  8.014  -0.02  -0.75 | 10.217  -0.21  -0.01 |  7.807  +0.35  +1.09 |  9.085  +0.40  +1.17 |  8.836 -13.50 -17.38 |  9.356 -13.72 -17.64 |  8.864 -14.28 -18.37 |  8.603  -6.90  -9.14
L70E203 ordinary nv11265  |  7.675  +0.55  +1.65 | 10.524  +0.37  +0.15 |  7.508  +0.52  +1.70 |  8.726  +0.28  +1.08 |  8.707 -13.93 -18.67 |  9.885 -10.71 -14.43 |  8.705 -14.07 -18.81 |  8.740 -12.12 -17.01
L70E245 low_visi nv55     |  9.364  -0.53  -0.73 | 10.730  -0.11  -0.21 |  8.328  +0.40  +0.82 |  9.314  +0.17  +0.43 |  9.357  -7.01 -10.33 |  9.774  -7.79 -10.62 | 10.589  -7.76 -13.67 |  9.170  -6.86  -9.71
L70E98  hi_visio nv193072 |  8.104  -1.10  +0.01 |  9.795  -0.40  -0.09 |  7.731  +0.21  +1.02 |  8.598  +0.40  +1.24 |  7.648 -11.56 -15.70 |  8.063 -10.58 -14.42 |  7.661 -11.97 -16.20 |  7.582  -9.44 -13.10
  text_matched all/routed w0.1 mean -0.08 worst +0.72 (n 12)  w0.25 mean +0.36 worst +1.73 (n 12)
  text_matched ood/forced w0.1 mean +0.14 worst +0.70 (n 12)  w0.25 mean +0.30 worst +1.16 (n 12)
  text_val     all/routed w0.1 mean +0.47 worst +0.83 (n 12)  w0.25 mean +1.20 worst +1.76 (n 12)
  text_val     all/forced w0.1 mean +0.44 worst +0.83 (n 12)  w0.25 mean +1.12 worst +1.82 (n 12)
  vision_val   all/routed w0.1 mean -23.70 worst -4.33 (n 12)  w0.25 mean -28.79 worst -6.20 (n 12)
  vision_val   all/forced w0.1 mean -24.76 worst -7.79 (n 12)  w0.25 mean -29.75 worst -10.62 (n 12)
  vision_val   img/routed w0.1 mean -26.64 worst -5.45 (n 12)  w0.25 mean -32.51 worst -7.45 (n 12)
  vision_val   txt/routed w0.1 mean -5.68 worst -1.03 (n 11)  w0.25 mean -8.00 worst -1.67 (n 11)
